   1.55152268451421      -6.670133767804033E-002  0.000000000000000E+000
  9.884073672389822E-019 -5.421010862427522E-019  2.710505431213761E-020
 -5.301183544843770E-021  4.743384504624082E-020 -5.464378949326942E-017
  3.133892533886272E-017 -2.168404344971009E-017  1.092875789865388E-016
  1.136243876764809E-016  3.816391647148976E-017 -2.666982334799970E-017
  1.561251128379126E-017 -8.153200337090993E-017 -1.014813233446432E-016
  1.088405582580494E-003 -1.990527426047606E-020 -4.533760534779475E-022
  1.778769189234031E-020  1.482307657695026E-021  2.580533763335423E-022
  1.694065894508601E-021  5.556536133988210E-019 -3.092510733571468E-019
  2.710505431213761E-019 -1.151964808265848E-018 -1.301042606982605E-018
 -8.402566836762659E-019  3.151999735429308E-019 -7.047314121155779E-019
  9.757819552369540E-019  8.944667923005412E-019   1.17772672836254     
 -2.528633430383834E-015  3.820397673978282E-016 -7.158235610940478E-002
  7.660729444233969E-017 -1.150946863569584E-017 -7.301460068077915E-015
 -7.419018538920561E-016 -3.660862976825036E-015  1.014559939108072E-014
  -2.19166827151169       6.083846060476004E-015  6.128301961471454E-016
  3.049526899150435E-015 -8.451152784144511E-015   1.82641665177455     
   1.17772672836254      -1.409029143362162E-015  7.659888348610089E-017
 -7.158235610940476E-002  4.244651505280750E-017  3.424344141578217E-015
 -4.790127033460438E-016  -2.19166827151169      -4.066191827689636E-015
 -1.053410830786916E-015 -2.857089564933801E-015  3.881499570095290E-016
   1.82641665177455       3.394853842486611E-015  8.790711214512470E-016
   1.17772672836254      -1.155252346740070E-017  4.243987352001701E-017
 -7.158235610940472E-002  6.621536519982133E-015  -2.19166827151169     
  6.795321168333841E-015 -1.034654704422830E-014 -4.857239727046177E-015
 -5.513749085351148E-015   1.82641665177456      -5.666783420629959E-015
  8.598384639327643E-015  4.048380162029207E-015  1.236190464718106E-003
 -2.644181398689683E-018  3.967565275223069E-019  2.307507849212950E-016
  2.276995321309788E-017  1.160564816468069E-016 -3.221355567696832E-016
  6.883565590749077E-002 -1.941453222995907E-016 -1.912367103473677E-017
 -9.755424320800789E-017  2.708369075057504E-016 -5.781077477253153E-002
  1.236190464718106E-003 -1.466214031697194E-018 -1.074444352933135E-016
  1.472975454155427E-017  6.883565590749077E-002  1.288574281999022E-016
  3.239053990300444E-017  9.039535613097893E-017 -1.238350096345749E-017
 -5.781077477253153E-002 -1.079594313252441E-016 -2.717281694791795E-017
  1.236190464718106E-003 -2.043180786317822E-016  6.883565590749087E-002
 -2.102240106746933E-016  3.190179835429545E-016  1.496491897599928E-016
  1.714775504192322E-016 -5.781077477253161E-002  1.764421088913481E-016
 -2.676879728009681E-016 -1.255327802270239E-016  0.458909741126725     
 -1.002939936718253E-014 -5.393181197680660E-015 -8.560305643705748E-017
  1.122099079479033E-014 -0.766574668687113       8.372400847098577E-015
  4.504017174411677E-015  3.274401713065773E-017 -9.376987427565293E-015
   1.67602324320254      -7.559491227437931E-015  1.571139052192194E-014
  7.885836081356068E-015  8.373943899409042E-015  -2.79934138217044     
  6.308321920389659E-015 -1.311104003143271E-014 -6.578938782642041E-015
   1.67602324320254       6.099549794788954E-015  1.087757253972005E-014
  4.500399894316860E-015  6.306711413702417E-015  -2.79934138217043     
 -5.094591210736769E-015 -9.084115345712296E-015  0.458909741126724     
 -1.684796606520727E-014  6.823184378320679E-017 -1.311659962324728E-014
 -5.107171097701560E-015 -0.766574668687112       1.407805788654877E-014
   1.67602324320254      -9.372829853267615E-015 -6.578515600453090E-015
 -9.083497735300802E-015  1.407929425654329E-014  -2.79934138217043     
  0.320207127236268      -6.992082201142220E-015 -3.761455868080033E-015
 -3.804404877884725E-017  7.834955421798029E-015   1.16935514367163     
 -5.263151026113633E-015  1.093829887777176E-014  5.491233281886693E-015
   1.16935514367163       4.259429061437211E-015  7.590163323116680E-015
  0.320207127236268      -1.176544355876687E-014   1.16935514367163     
   1.55152268451421      -6.670133767804033E-002 -7.589415207398531E-019
  7.463266780174502E-019  2.168404344971009E-019  6.776263578034403E-021
 -2.180296984870541E-020 -1.355252715606881E-020 -3.209238430557093E-017
  2.960428743820175E-017 -2.255140518769849E-017  1.023486850826316E-016
  1.170938346284345E-016  3.642919299551295E-017 -3.100672139166165E-017
  1.821459649775647E-017 -1.127570259384925E-016 -9.974659986866641E-017
  1.088405582580495E-003  2.032879073410321E-020  4.446318786407508E-022
  2.964615315390051E-021 -6.352747104407253E-022 -1.528372444601667E-021
 -4.235164736271502E-022  8.267041565201971E-019 -3.363716101955907E-019
  2.710505431213761E-019 -1.192622389734055E-018 -1.355252715606881E-018
 -8.402566836762659E-019  4.507380525502973E-019 -7.589415207398531E-019
  1.111307226797642E-018  9.486769009248164E-019   1.17772672836254     
 -2.524730214931914E-015  3.907133413974071E-016 -7.158235610940476E-002
  7.660729596026863E-017 -1.152301993999413E-017  7.307531319433781E-015
  7.401684417010784E-016  3.657392786460564E-015 -1.013692599492129E-014
   2.19166827151169      -6.092519365301649E-015 -6.197705291607829E-016
 -3.046056647216730E-015  8.458979620975780E-015  -1.82641665177455     
   1.17772672836254      -1.414666994659086E-015  7.660565974967892E-017
 -7.158235610940471E-002  4.244651505280750E-017 -3.426946226792182E-015
  4.681706551571474E-016   2.19166827151169       4.069661274641589E-015
  1.053410830786916E-015  2.855354841457824E-015 -3.864151996151390E-016
  -1.82641665177455      -3.403527459866496E-015 -8.834079301411890E-016
   1.17772672836254      -1.154575564519218E-017  4.244665232486163E-017
 -7.158235610940474E-002 -6.619801894178235E-015   2.19166827151169     
 -6.784913387079247E-015  1.034047532220681E-014  4.865913354437135E-015
  5.514616560299789E-015  -1.82641665177456       5.666784025988844E-015
 -8.599251788290169E-015 -4.051849636584240E-015  1.236190464718106E-003
 -2.644181494168323E-018  4.001443631343384E-019 -2.308049817638664E-016
 -2.276659879251394E-017 -1.160663989873347E-016  3.221626801438361E-016
 -6.883565590749074E-002  1.939826772864978E-016  1.912370984245823E-017
  9.755081720128622E-017 -2.707691631785729E-016  5.781077477253151E-002
  1.236190464718105E-003 -1.462825899908177E-018  1.074444352933135E-016
 -1.473313597746486E-017 -6.883565590749079E-002 -1.284779574395323E-016
 -3.238037550763739E-017 -9.034114602235466E-017  1.238010652264268E-017
  5.781077477253153E-002  1.081491667054291E-016  2.716265255255090E-017
  1.236190464718106E-003  2.042028887505029E-016 -6.883565590749091E-002
  2.102303918886283E-016 -3.190044192414951E-016 -1.496492049049892E-016
 -1.713555847349510E-016  5.781077477253162E-002 -1.764404447245375E-016
  2.676744080968678E-016  1.255394644641983E-016  0.458909741126724     
 -1.002940360860846E-014 -5.391871879406841E-015 -8.907778600754827E-017
  1.121578942494398E-014 -0.766574668687113       8.371537656125876E-015
  4.504442886650251E-015  6.570915419615324E-017 -9.373520282534155E-015
   1.67602324320254      -7.559924908306925E-015  1.572353358625378E-014
  7.886052921790565E-015  8.366571324636141E-015  -2.79934138217044     
  6.308321920389659E-015 -1.311450947838466E-014 -6.579155623076538E-015
   1.67602324320254       6.094340178614416E-015  1.087833409408282E-014
  4.503861052487630E-015  6.307366514256982E-015  -2.79934138217043     
 -5.092417129181826E-015 -9.083900818056859E-015  0.458909741126724     
 -1.685143971303161E-014  7.518112983012493E-017 -1.310858307962017E-014
 -5.104340219107467E-015 -0.766574668687111       1.407719397769200E-014
   1.67602324320254      -9.372826665874442E-015 -6.578191402737093E-015
 -9.083276678415710E-015  1.407582233509686E-014  -2.79934138217043     
  0.320207127236268      -6.987749347413011E-015 -3.758846188849259E-015
 -4.672256023963222E-017  7.840162378075426E-015   1.16935514367163     
 -5.263367866548130E-015  1.093916623950975E-014  5.490813153544855E-015
   1.16935514367163       4.254219895053479E-015  7.590165967186662E-015
  0.320207127236268      -1.176544773754107E-014   1.16935514367163     
